source_surf = .false.
xs =5.000000000000000278e-02
zs =2.000000000000000e-01
source_type = 1
time_function_type = 1
f0 = 100000.
tshift = 0.0
anglesource = 0.0
Mxx = 1.0
Mzz = 1.0
Mxz = 0.0
factor = 10000000000.0

